
SUMMARISING RUN PARAMETERS
==========================
Input filename: FastQ/SRR2147247_1.fastq.gz
Trimming mode: paired-end
Trim Galore version: 0.6.10
Cutadapt version: 4.2
Python version: 3.10.9
Number of cores used for trimming: 8
Quality Phred score cutoff: 28
Quality encoding type selected: ASCII+33
Using Illumina adapter for trimming (count: 221826). Second best hit was Nextera (count: 3)
Adapter sequence: 'AGATCGGAAGAGC' (Illumina TruSeq, Sanger iPCR; auto-detected)
Maximum trimming error rate: 0.1 (default)
Minimum required adapter overlap (stringency): 1 bp
Minimum required sequence length for both reads before a sequence pair gets removed: 20 bp
Output file will be GZIP compressed


This is cutadapt 4.2 with Python 3.10.9
Command line parameters: -j 8 -e 0.1 -q 28 -O 1 -a AGATCGGAAGAGC FastQ/SRR2147247_1.fastq.gz
Processing single-end reads on 8 cores ...
Finished in 204.442 s (4.869 µs/read; 12.32 M reads/minute).

=== Summary ===

Total reads processed:              41,990,725
Reads with adapters:                19,817,918 (47.2%)
Reads written (passing filters):    41,990,725 (100.0%)

Total basepairs processed: 4,241,063,225 bp
Quality-trimmed:             341,766,144 bp (8.1%)
Total written (filtered):  3,480,276,378 bp (82.1%)

=== Adapter 1 ===

Sequence: AGATCGGAAGAGC; Type: regular 3'; Length: 13; Trimmed: 19817918 times

Minimum overlap: 1
No. of allowed errors:
1-9 bp: 0; 10-13 bp: 1

Bases preceding removed adapters:
  A: 17.3%
  C: 67.4%
  G: 8.1%
  T: 7.2%
  none/other: 0.1%

Overview of removed sequences
length	count	expect	max.err	error counts
1	6805981	10497681.2	0	6805981
2	2040896	2624420.3	0	2040896
3	682494	656105.1	0	682494
4	208585	164026.3	0	208585
5	236211	41006.6	0	236211
6	224799	10251.6	0	224799
7	212112	2562.9	0	212112
8	198938	640.7	0	198938
9	346934	160.2	0	345022 1912
10	158149	40.0	1	152311 5838
11	124141	10.0	1	119279 4862
12	103661	2.5	1	98501 5160
13	170632	0.6	1	163841 6791
14	122865	0.6	1	116910 5955
15	167465	0.6	1	160983 6482
16	79611	0.6	1	74751 4860
17	196308	0.6	1	187597 8711
18	181156	0.6	1	175454 5702
19	34430	0.6	1	31809 2621
20	137679	0.6	1	132281 5398
21	108092	0.6	1	103589 4503
22	112503	0.6	1	107302 5201
23	145442	0.6	1	139052 6390
24	131010	0.6	1	124814 6196
25	181002	0.6	1	174028 6974
26	75229	0.6	1	71356 3873
27	141991	0.6	1	134585 7406
28	204214	0.6	1	194823 9391
29	146775	0.6	1	139700 7075
30	184869	0.6	1	178567 6302
31	57390	0.6	1	53864 3526
32	158726	0.6	1	152720 6006
33	63815	0.6	1	60435 3380
34	120314	0.6	1	113901 6413
35	195911	0.6	1	186475 9436
36	156770	0.6	1	150463 6307
37	103186	0.6	1	97913 5273
38	156202	0.6	1	150118 6084
39	75980	0.6	1	71942 4038
40	151424	0.6	1	142383 9041
41	361272	0.6	1	348962 12310
42	107987	0.6	1	104418 3569
43	40995	0.6	1	39529 1466
44	25769	0.6	1	23846 1923
45	100411	0.6	1	96079 4332
46	110936	0.6	1	107528 3408
47	31342	0.6	1	29653 1689
48	67142	0.6	1	64201 2941
49	86279	0.6	1	83070 3209
50	55850	0.6	1	53203 2647
51	92835	0.6	1	88155 4680
52	164413	0.6	1	157433 6980
53	152367	0.6	1	147946 4421
54	15647	0.6	1	14596 1051
55	46714	0.6	1	44649 2065
56	66484	0.6	1	63668 2816
57	79887	0.6	1	76828 3059
58	67142	0.6	1	64124 3018
59	85557	0.6	1	82379 3178
60	56020	0.6	1	53588 2432
61	72530	0.6	1	69338 3192
62	82406	0.6	1	78553 3853
63	114824	0.6	1	109826 4998
64	111213	0.6	1	106793 4420
65	66932	0.6	1	63805 3127
66	91761	0.6	1	87632 4129
67	106024	0.6	1	100872 5152
68	127060	0.6	1	120585 6475
69	164685	0.6	1	156813 7872
70	166922	0.6	1	158447 8475
71	191933	0.6	1	180927 11006
72	286866	0.6	1	268212 18654
73	548065	0.6	1	517007 31058
74	749738	0.6	1	721686 28052
75	13974	0.6	1	13227 747
76	394	0.6	1	348 46
77	94	0.6	1	66 28
78	85	0.6	1	56 29
79	85	0.6	1	52 33
80	90	0.6	1	61 29
81	81	0.6	1	59 22
82	103	0.6	1	61 42
83	96	0.6	1	68 28
84	114	0.6	1	81 33
85	95	0.6	1	69 26
86	96	0.6	1	66 30
87	71	0.6	1	47 24
88	82	0.6	1	53 29
89	92	0.6	1	71 21
90	86	0.6	1	59 27
91	115	0.6	1	89 26
92	179	0.6	1	152 27
93	355	0.6	1	304 51
94	262	0.6	1	222 40
95	113	0.6	1	80 33
96	79	0.6	1	59 20
97	112	0.6	1	76 36
98	260	0.6	1	226 34
99	792	0.6	1	733 59
100	75	0.6	1	56 19
101	38	0.6	1	16 22

RUN STATISTICS FOR INPUT FILE: FastQ/SRR2147247_1.fastq.gz
=============================================
41990725 sequences processed in total

