
SUMMARISING RUN PARAMETERS
==========================
Input filename: FastQ/SRR5479623_2.fastq.gz
Trimming mode: paired-end
Trim Galore version: 0.6.10
Cutadapt version: 4.2
Python version: 3.10.9
Number of cores used for trimming: 8
Quality Phred score cutoff: 28
Quality encoding type selected: ASCII+33
Using Illumina adapter for trimming (count: 272334). Second best hit was Nextera (count: 8)
Adapter sequence: 'AGATCGGAAGAGC' (Illumina TruSeq, Sanger iPCR; auto-detected)
Maximum trimming error rate: 0.1 (default)
Minimum required adapter overlap (stringency): 1 bp
Minimum required sequence length for both reads before a sequence pair gets removed: 20 bp
Output file will be GZIP compressed


This is cutadapt 4.2 with Python 3.10.9
Command line parameters: -j 8 -e 0.1 -q 28 -O 1 -a AGATCGGAAGAGC FastQ/SRR5479623_2.fastq.gz
Processing single-end reads on 8 cores ...
Finished in 227.744 s (5.688 µs/read; 10.55 M reads/minute).

=== Summary ===

Total reads processed:              40,035,927
Reads with adapters:                25,385,238 (63.4%)
Reads written (passing filters):    40,035,927 (100.0%)

Total basepairs processed: 6,005,389,050 bp
Quality-trimmed:             254,550,481 bp (4.2%)
Total written (filtered):  5,383,088,507 bp (89.6%)

=== Adapter 1 ===

Sequence: AGATCGGAAGAGC; Type: regular 3'; Length: 13; Trimmed: 25385238 times

Minimum overlap: 1
No. of allowed errors:
1-9 bp: 0; 10-13 bp: 1

Bases preceding removed adapters:
  A: 42.5%
  C: 10.1%
  G: 12.3%
  T: 34.8%
  none/other: 0.2%

Overview of removed sequences
length	count	expect	max.err	error counts
1	6015707	10008981.8	0	6015707
2	2344627	2502245.4	0	2344627
3	1326058	625561.4	0	1326058
4	839204	156390.3	0	839204
5	722786	39097.6	0	722786
6	567232	9774.4	0	567232
7	462559	2443.6	0	462559
8	394283	610.9	0	394283
9	389107	152.7	0	387010 2097
10	395646	38.2	1	386749 8897
11	396469	9.5	1	386126 10343
12	408221	2.4	1	398076 10145
13	441796	0.6	1	430116 11680
14	498760	0.6	1	485747 13013
15	421970	0.6	1	412281 9689
16	513557	0.6	1	500582 12975
17	534761	0.6	1	522835 11926
18	438786	0.6	1	428688 10098
19	462962	0.6	1	452089 10873
20	417405	0.6	1	408116 9289
21	424227	0.6	1	414553 9674
22	447308	0.6	1	436100 11208
23	439406	0.6	1	428500 10906
24	455339	0.6	1	442062 13277
25	383173	0.6	1	373967 9206
26	397364	0.6	1	387777 9587
27	370050	0.6	1	361460 8590
28	303724	0.6	1	296591 7133
29	247843	0.6	1	242484 5359
30	211879	0.6	1	207151 4728
31	163602	0.6	1	160202 3400
32	152772	0.6	1	149388 3384
33	157927	0.6	1	153979 3948
34	166705	0.6	1	162460 4245
35	167337	0.6	1	163431 3906
36	169734	0.6	1	165714 4020
37	168904	0.6	1	165440 3464
38	159933	0.6	1	155949 3984
39	151037	0.6	1	147267 3770
40	141876	0.6	1	138158 3718
41	127005	0.6	1	123734 3271
42	126540	0.6	1	122943 3597
43	136162	0.6	1	132785 3377
44	139480	0.6	1	135527 3953
45	133801	0.6	1	130165 3636
46	127938	0.6	1	124514 3424
47	112157	0.6	1	109491 2666
48	91984	0.6	1	89447 2537
49	75169	0.6	1	73007 2162
50	63163	0.6	1	61247 1916
51	67863	0.6	1	66215 1648
52	51470	0.6	1	50139 1331
53	58144	0.6	1	56834 1310
54	55981	0.6	1	54452 1529
55	64815	0.6	1	63286 1529
56	61402	0.6	1	59908 1494
57	62918	0.6	1	61565 1353
58	62807	0.6	1	61433 1374
59	60280	0.6	1	58889 1391
60	53487	0.6	1	52114 1373
61	49774	0.6	1	48271 1503
62	41449	0.6	1	39714 1735
63	54494	0.6	1	45391 9103
64	166613	0.6	1	162447 4166
65	9346	0.6	1	8528 818
66	1894	0.6	1	1514 380
67	1523	0.6	1	1170 353
68	1301	0.6	1	974 327
69	1389	0.6	1	995 394
70	1434	0.6	1	964 470
71	1731	0.6	1	1152 579
72	1762	0.6	1	1231 531
73	1686	0.6	1	1187 499
74	1876	0.6	1	1328 548
75	1854	0.6	1	1274 580
76	1757	0.6	1	1150 607
77	1474	0.6	1	985 489
78	1251	0.6	1	782 469
79	1336	0.6	1	875 461
80	1293	0.6	1	804 489
81	1096	0.6	1	681 415
82	1213	0.6	1	741 472
83	1477	0.6	1	876 601
84	1654	0.6	1	1021 633
85	1714	0.6	1	995 719
86	1373	0.6	1	770 603
87	1115	0.6	1	620 495
88	820	0.6	1	535 285
89	762	0.6	1	447 315
90	732	0.6	1	419 313
91	608	0.6	1	371 237
92	891	0.6	1	512 379
93	1205	0.6	1	679 526
94	1227	0.6	1	732 495
95	1107	0.6	1	638 469
96	1087	0.6	1	600 487
97	854	0.6	1	508 346
98	663	0.6	1	387 276
99	525	0.6	1	308 217
100	602	0.6	1	354 248
101	830	0.6	1	487 343
102	912	0.6	1	549 363
103	850	0.6	1	550 300
104	928	0.6	1	564 364
105	700	0.6	1	411 289
106	617	0.6	1	353 264
107	545	0.6	1	327 218
108	396	0.6	1	260 136
109	451	0.6	1	268 183
110	535	0.6	1	323 212
111	659	0.6	1	391 268
112	595	0.6	1	350 245
113	511	0.6	1	297 214
114	511	0.6	1	324 187
115	440	0.6	1	242 198
116	431	0.6	1	259 172
117	360	0.6	1	223 137
118	281	0.6	1	166 115
119	313	0.6	1	185 128
120	302	0.6	1	165 137
121	361	0.6	1	223 138
122	369	0.6	1	227 142
123	271	0.6	1	153 118
124	304	0.6	1	159 145
125	196	0.6	1	109 87
126	171	0.6	1	88 83
127	136	0.6	1	78 58
128	108	0.6	1	48 60
129	102	0.6	1	47 55
130	87	0.6	1	36 51
131	78	0.6	1	40 38
132	68	0.6	1	32 36
133	50	0.6	1	9 41
134	36	0.6	1	9 27
135	31	0.6	1	7 24
136	40	0.6	1	9 31
137	24	0.6	1	7 17
138	24	0.6	1	3 21
139	18	0.6	1	2 16
140	35	0.6	1	2 33
141	29	0.6	1	0 29
142	35	0.6	1	2 33
143	27	0.6	1	0 27
144	31	0.6	1	1 30
145	31	0.6	1	0 31
146	50	0.6	1	1 49
147	57	0.6	1	0 57
148	54	0.6	1	0 54
149	171	0.6	1	0 171
150	513	0.6	1	2 511

RUN STATISTICS FOR INPUT FILE: FastQ/SRR5479623_2.fastq.gz
=============================================
40035927 sequences processed in total

Total number of sequences analysed for the sequence pair length validation: 40035927

Number of sequence pairs removed because at least one read was shorter than the length cutoff (20 bp): 841465 (2.10%)
