
SUMMARISING RUN PARAMETERS
==========================
Input filename: FastQ/SRR5479624_1.fastq.gz
Trimming mode: paired-end
Trim Galore version: 0.6.10
Cutadapt version: 4.2
Python version: 3.10.9
Number of cores used for trimming: 8
Quality Phred score cutoff: 28
Quality encoding type selected: ASCII+33
Using Illumina adapter for trimming (count: 243363). Second best hit was Nextera (count: 14)
Adapter sequence: 'AGATCGGAAGAGC' (Illumina TruSeq, Sanger iPCR; auto-detected)
Maximum trimming error rate: 0.1 (default)
Minimum required adapter overlap (stringency): 1 bp
Minimum required sequence length for both reads before a sequence pair gets removed: 20 bp
Output file will be GZIP compressed


This is cutadapt 4.2 with Python 3.10.9
Command line parameters: -j 8 -e 0.1 -q 28 -O 1 -a AGATCGGAAGAGC FastQ/SRR5479624_1.fastq.gz
Processing single-end reads on 8 cores ...
Finished in 221.410 s (5.001 µs/read; 12.00 M reads/minute).

=== Summary ===

Total reads processed:              44,272,154
Reads with adapters:                28,145,474 (63.6%)
Reads written (passing filters):    44,272,154 (100.0%)

Total basepairs processed: 6,640,823,100 bp
Quality-trimmed:              68,087,056 bp (1.0%)
Total written (filtered):  6,211,636,161 bp (93.5%)

=== Adapter 1 ===

Sequence: AGATCGGAAGAGC; Type: regular 3'; Length: 13; Trimmed: 28145474 times

Minimum overlap: 1
No. of allowed errors:
1-9 bp: 0; 10-13 bp: 1

Bases preceding removed adapters:
  A: 40.6%
  C: 11.1%
  G: 11.7%
  T: 36.6%
  none/other: 0.1%

Overview of removed sequences
length	count	expect	max.err	error counts
1	6428895	11068038.5	0	6428895
2	2771690	2767009.6	0	2771690
3	1582105	691752.4	0	1582105
4	1113195	172938.1	0	1113195
5	920513	43234.5	0	920513
6	740532	10808.6	0	740532
7	608522	2702.2	0	608522
8	506828	675.5	0	506828
9	482916	168.9	0	479465 3451
10	498362	42.2	1	475671 22691
11	497170	10.6	1	473636 23534
12	511218	2.6	1	484538 26680
13	532108	0.7	1	502171 29937
14	540960	0.7	1	510534 30426
15	565806	0.7	1	533691 32115
16	608861	0.7	1	574748 34113
17	636835	0.7	1	599307 37528
18	580174	0.7	1	545005 35169
19	544329	0.7	1	513092 31237
20	501449	0.7	1	472604 28845
21	514241	0.7	1	485153 29088
22	519229	0.7	1	490136 29093
23	483762	0.7	1	456854 26908
24	458506	0.7	1	432763 25743
25	447431	0.7	1	421778 25653
26	441405	0.7	1	415582 25823
27	404105	0.7	1	379945 24160
28	323390	0.7	1	303387 20003
29	260971	0.7	1	245521 15450
30	207076	0.7	1	194295 12781
31	166963	0.7	1	156923 10040
32	151377	0.7	1	142304 9073
33	144743	0.7	1	136251 8492
34	151530	0.7	1	142428 9102
35	156410	0.7	1	146830 9580
36	154411	0.7	1	144695 9716
37	145779	0.7	1	136917 8862
38	140757	0.7	1	132138 8619
39	130553	0.7	1	122543 8010
40	116404	0.7	1	109127 7277
41	106115	0.7	1	99720 6395
42	100910	0.7	1	94475 6435
43	150779	0.7	1	143170 7609
44	73215	0.7	1	68051 5164
45	92700	0.7	1	87569 5131
46	93086	0.7	1	87388 5698
47	81769	0.7	1	76880 4889
48	64040	0.7	1	59900 4140
49	54018	0.7	1	50649 3369
50	41489	0.7	1	38823 2666
51	38976	0.7	1	36582 2394
52	39281	0.7	1	36996 2285
53	39989	0.7	1	37591 2398
54	36217	0.7	1	34031 2186
55	36871	0.7	1	34723 2148
56	36310	0.7	1	34126 2184
57	35480	0.7	1	33404 2076
58	33381	0.7	1	31385 1996
59	31666	0.7	1	29874 1792
60	26702	0.7	1	25138 1564
61	24381	0.7	1	22899 1482
62	18118	0.7	1	16968 1150
63	14474	0.7	1	13515 959
64	11880	0.7	1	11075 805
65	9892	0.7	1	9181 711
66	8953	0.7	1	8281 672
67	8458	0.7	1	7702 756
68	7869	0.7	1	6678 1191
69	27371	0.7	1	8115 19256
70	77822	0.7	1	72520 5302
71	5985	0.7	1	4739 1246
72	823	0.7	1	619 204
73	393	0.7	1	276 117
74	389	0.7	1	296 93
75	429	0.7	1	321 108
76	435	0.7	1	340 95
77	521	0.7	1	394 127
78	529	0.7	1	411 118
79	554	0.7	1	426 128
80	513	0.7	1	394 119
81	529	0.7	1	408 121
82	547	0.7	1	408 139
83	563	0.7	1	439 124
84	622	0.7	1	452 170
85	554	0.7	1	388 166
86	594	0.7	1	443 151
87	509	0.7	1	355 154
88	345	0.7	1	249 96
89	422	0.7	1	301 121
90	316	0.7	1	221 95
91	321	0.7	1	227 94
92	372	0.7	1	261 111
93	415	0.7	1	275 140
94	474	0.7	1	338 136
95	489	0.7	1	346 143
96	480	0.7	1	358 122
97	374	0.7	1	261 113
98	329	0.7	1	234 95
99	292	0.7	1	177 115
100	305	0.7	1	197 108
101	362	0.7	1	258 104
102	432	0.7	1	299 133
103	451	0.7	1	320 131
104	407	0.7	1	276 131
105	333	0.7	1	218 115
106	334	0.7	1	221 113
107	307	0.7	1	223 84
108	286	0.7	1	194 92
109	252	0.7	1	187 65
110	279	0.7	1	176 103
111	328	0.7	1	220 108
112	297	0.7	1	199 98
113	283	0.7	1	196 87
114	325	0.7	1	226 99
115	265	0.7	1	176 89
116	261	0.7	1	172 89
117	212	0.7	1	131 81
118	217	0.7	1	141 76
119	233	0.7	1	143 90
120	224	0.7	1	152 72
121	220	0.7	1	139 81
122	202	0.7	1	128 74
123	197	0.7	1	127 70
124	178	0.7	1	107 71
125	171	0.7	1	113 58
126	151	0.7	1	71 80
127	135	0.7	1	63 72
128	129	0.7	1	68 61
129	135	0.7	1	40 95
130	202	0.7	1	40 162
131	415	0.7	1	46 369
132	152	0.7	1	41 111
133	74	0.7	1	24 50
134	68	0.7	1	20 48
135	53	0.7	1	23 30
136	57	0.7	1	18 39
137	33	0.7	1	12 21
138	40	0.7	1	7 33
139	36	0.7	1	4 32
140	46	0.7	1	2 44
141	57	0.7	1	2 55
142	38	0.7	1	1 37
143	45	0.7	1	0 45
144	60	0.7	1	1 59
145	50	0.7	1	1 49
146	78	0.7	1	0 78
147	100	0.7	1	2 98
148	127	0.7	1	0 127
149	400	0.7	1	2 398
150	2591	0.7	1	9 2582

RUN STATISTICS FOR INPUT FILE: FastQ/SRR5479624_1.fastq.gz
=============================================
44272154 sequences processed in total

