
SUMMARISING RUN PARAMETERS
==========================
Input filename: FastQ/SRR5479623_1.fastq.gz
Trimming mode: paired-end
Trim Galore version: 0.6.10
Cutadapt version: 4.2
Python version: 3.10.9
Number of cores used for trimming: 8
Quality Phred score cutoff: 28
Quality encoding type selected: ASCII+33
Using Illumina adapter for trimming (count: 272334). Second best hit was Nextera (count: 8)
Adapter sequence: 'AGATCGGAAGAGC' (Illumina TruSeq, Sanger iPCR; auto-detected)
Maximum trimming error rate: 0.1 (default)
Minimum required adapter overlap (stringency): 1 bp
Minimum required sequence length for both reads before a sequence pair gets removed: 20 bp
Output file will be GZIP compressed


This is cutadapt 4.2 with Python 3.10.9
Command line parameters: -j 8 -e 0.1 -q 28 -O 1 -a AGATCGGAAGAGC FastQ/SRR5479623_1.fastq.gz
Processing single-end reads on 8 cores ...
Finished in 285.427 s (7.129 µs/read; 8.42 M reads/minute).

=== Summary ===

Total reads processed:              40,035,927
Reads with adapters:                25,467,765 (63.6%)
Reads written (passing filters):    40,035,927 (100.0%)

Total basepairs processed: 6,005,389,050 bp
Quality-trimmed:              64,477,216 bp (1.1%)
Total written (filtered):  5,564,384,531 bp (92.7%)

=== Adapter 1 ===

Sequence: AGATCGGAAGAGC; Type: regular 3'; Length: 13; Trimmed: 25467765 times

Minimum overlap: 1
No. of allowed errors:
1-9 bp: 0; 10-13 bp: 1

Bases preceding removed adapters:
  A: 40.9%
  C: 11.0%
  G: 11.5%
  T: 36.5%
  none/other: 0.1%

Overview of removed sequences
length	count	expect	max.err	error counts
1	5733234	10008981.8	0	5733234
2	2353884	2502245.4	0	2353884
3	1276203	625561.4	0	1276203
4	859453	156390.3	0	859453
5	706005	39097.6	0	706005
6	571878	9774.4	0	571878
7	473479	2443.6	0	473479
8	400511	610.9	0	400511
9	385967	152.7	0	383437 2530
10	403027	38.2	1	386257 16770
11	404332	9.5	1	386301 18031
12	420538	2.4	1	399547 20991
13	438777	0.6	1	415462 23315
14	448879	0.6	1	422840 26039
15	472912	0.6	1	445592 27320
16	516731	0.6	1	487646 29085
17	546461	0.6	1	512451 34010
18	512098	0.6	1	478076 34022
19	470397	0.6	1	440816 29581
20	444084	0.6	1	415402 28682
21	457039	0.6	1	428811 28228
22	465829	0.6	1	437489 28340
23	449416	0.6	1	421947 27469
24	430099	0.6	1	403867 26232
25	426726	0.6	1	400337 26389
26	429478	0.6	1	403052 26426
27	395264	0.6	1	372385 22879
28	318474	0.6	1	299285 19189
29	263652	0.6	1	248164 15488
30	213368	0.6	1	201191 12177
31	175150	0.6	1	165788 9362
32	160907	0.6	1	152287 8620
33	157047	0.6	1	148986 8061
34	166320	0.6	1	157403 8917
35	174500	0.6	1	165228 9272
36	182110	0.6	1	172081 10029
37	176727	0.6	1	167157 9570
38	163622	0.6	1	154938 8684
39	152664	0.6	1	143847 8817
40	142651	0.6	1	134579 8072
41	131170	0.6	1	123864 7306
42	127728	0.6	1	120769 6959
43	188232	0.6	1	179362 8870
44	103630	0.6	1	97149 6481
45	126053	0.6	1	119307 6746
46	128862	0.6	1	121393 7469
47	116301	0.6	1	109952 6349
48	92330	0.6	1	87349 4981
49	79555	0.6	1	75254 4301
50	63140	0.6	1	59632 3508
51	60905	0.6	1	57649 3256
52	60841	0.6	1	57755 3086
53	65039	0.6	1	61946 3093
54	59916	0.6	1	56960 2956
55	63137	0.6	1	60191 2946
56	63564	0.6	1	60602 2962
57	63601	0.6	1	60567 3034
58	62378	0.6	1	59521 2857
59	60635	0.6	1	57630 3005
60	53674	0.6	1	50968 2706
61	50197	0.6	1	47835 2362
62	37786	0.6	1	35861 1925
63	29995	0.6	1	28431 1564
64	25407	0.6	1	23873 1534
65	20830	0.6	1	19594 1236
66	18695	0.6	1	17577 1118
67	17403	0.6	1	16331 1072
68	15209	0.6	1	13941 1268
69	23694	0.6	1	14073 9621
70	90388	0.6	1	85924 4464
71	5764	0.6	1	4574 1190
72	730	0.6	1	572 158
73	430	0.6	1	346 84
74	461	0.6	1	377 84
75	560	0.6	1	440 120
76	629	0.6	1	514 115
77	687	0.6	1	559 128
78	689	0.6	1	540 149
79	665	0.6	1	527 138
80	609	0.6	1	505 104
81	583	0.6	1	478 105
82	544	0.6	1	425 119
83	606	0.6	1	490 116
84	606	0.6	1	473 133
85	571	0.6	1	450 121
86	498	0.6	1	395 103
87	468	0.6	1	334 134
88	339	0.6	1	258 81
89	350	0.6	1	269 81
90	296	0.6	1	210 86
91	300	0.6	1	224 76
92	327	0.6	1	232 95
93	368	0.6	1	265 103
94	413	0.6	1	315 98
95	376	0.6	1	285 91
96	424	0.6	1	311 113
97	298	0.6	1	215 83
98	289	0.6	1	207 82
99	236	0.6	1	153 83
100	273	0.6	1	187 86
101	340	0.6	1	251 89
102	349	0.6	1	249 100
103	321	0.6	1	242 79
104	330	0.6	1	240 90
105	251	0.6	1	182 69
106	238	0.6	1	157 81
107	241	0.6	1	169 72
108	235	0.6	1	152 83
109	193	0.6	1	134 59
110	229	0.6	1	165 64
111	252	0.6	1	179 73
112	245	0.6	1	171 74
113	229	0.6	1	165 64
114	236	0.6	1	179 57
115	232	0.6	1	150 82
116	198	0.6	1	122 76
117	165	0.6	1	105 60
118	146	0.6	1	92 54
119	151	0.6	1	104 47
120	148	0.6	1	97 51
121	184	0.6	1	122 62
122	164	0.6	1	109 55
123	146	0.6	1	98 48
124	117	0.6	1	76 41
125	127	0.6	1	83 44
126	114	0.6	1	72 42
127	89	0.6	1	55 34
128	86	0.6	1	46 40
129	85	0.6	1	27 58
130	90	0.6	1	34 56
131	72	0.6	1	30 42
132	67	0.6	1	30 37
133	60	0.6	1	26 34
134	55	0.6	1	25 30
135	56	0.6	1	17 39
136	35	0.6	1	8 27
137	28	0.6	1	4 24
138	45	0.6	1	5 40
139	46	0.6	1	3 43
140	47	0.6	1	0 47
141	26	0.6	1	1 25
142	35	0.6	1	1 34
143	40	0.6	1	1 39
144	30	0.6	1	1 29
145	43	0.6	1	2 41
146	28	0.6	1	0 28
147	54	0.6	1	1 53
148	94	0.6	1	0 94
149	207	0.6	1	1 206
150	1189	0.6	1	3 1186

RUN STATISTICS FOR INPUT FILE: FastQ/SRR5479623_1.fastq.gz
=============================================
40035927 sequences processed in total

