
SUMMARISING RUN PARAMETERS
==========================
Input filename: FastQ/SRR6956533_2.fastq.gz
Trimming mode: paired-end
Trim Galore version: 0.6.10
Cutadapt version: 4.2
Python version: 3.10.9
Number of cores used for trimming: 8
Quality Phred score cutoff: 28
Quality encoding type selected: ASCII+33
Using Illumina adapter for trimming (count: 145651). Second best hit was Nextera (count: 578)
Adapter sequence: 'AGATCGGAAGAGC' (Illumina TruSeq, Sanger iPCR; auto-detected)
Maximum trimming error rate: 0.1 (default)
Minimum required adapter overlap (stringency): 1 bp
Minimum required sequence length for both reads before a sequence pair gets removed: 20 bp
Output file will be GZIP compressed


This is cutadapt 4.2 with Python 3.10.9
Command line parameters: -j 8 -e 0.1 -q 28 -O 1 -a AGATCGGAAGAGC FastQ/SRR6956533_2.fastq.gz
Processing single-end reads on 8 cores ...
Finished in 69.165 s (5.738 µs/read; 10.46 M reads/minute).

=== Summary ===

Total reads processed:              12,053,030
Reads with adapters:                 5,126,790 (42.5%)
Reads written (passing filters):    12,053,030 (100.0%)

Total basepairs processed: 1,807,954,500 bp
Quality-trimmed:             447,896,544 bp (24.8%)
Total written (filtered):  1,261,806,686 bp (69.8%)

=== Adapter 1 ===

Sequence: AGATCGGAAGAGC; Type: regular 3'; Length: 13; Trimmed: 5126790 times

Minimum overlap: 1
No. of allowed errors:
1-9 bp: 0; 10-13 bp: 1

Bases preceding removed adapters:
  A: 39.7%
  C: 16.7%
  G: 12.3%
  T: 31.0%
  none/other: 0.2%

Overview of removed sequences
length	count	expect	max.err	error counts
1	1906766	3013257.5	0	1906766
2	627400	753314.4	0	627400
3	164471	188328.6	0	164471
4	43806	47082.1	0	43806
5	28627	11770.5	0	28627
6	27714	2942.6	0	27714
7	41857	735.7	0	41857
8	31795	183.9	0	31795
9	28244	46.0	0	27630 614
10	46113	11.5	1	44232 1881
11	24027	2.9	1	22634 1393
12	42736	0.7	1	40540 2196
13	34107	0.2	1	31378 2729
14	110794	0.2	1	106875 3919
15	15670	0.2	1	14828 842
16	29891	0.2	1	28387 1504
17	48106	0.2	1	46629 1477
18	10513	0.2	1	9782 731
19	38540	0.2	1	37203 1337
20	13474	0.2	1	12793 681
21	17602	0.2	1	16887 715
22	28604	0.2	1	27256 1348
23	40348	0.2	1	37631 2717
24	77517	0.2	1	73881 3636
25	24757	0.2	1	23519 1238
26	28325	0.2	1	27034 1291
27	22641	0.2	1	21469 1172
28	41527	0.2	1	39812 1715
29	23674	0.2	1	22268 1406
30	73455	0.2	1	70878 2577
31	10065	0.2	1	9364 701
32	35391	0.2	1	34013 1378
33	20544	0.2	1	19631 913
34	22988	0.2	1	21913 1075
35	35280	0.2	1	33822 1458
36	27857	0.2	1	26719 1138
37	22345	0.2	1	21211 1134
38	29563	0.2	1	28331 1232
39	18815	0.2	1	17919 896
40	21604	0.2	1	20469 1135
41	28062	0.2	1	26301 1761
42	62556	0.2	1	60341 2215
43	14015	0.2	1	13269 746
44	29434	0.2	1	27828 1606
45	59955	0.2	1	58202 1753
46	15020	0.2	1	14380 640
47	14053	0.2	1	13339 714
48	30678	0.2	1	29602 1076
49	24840	0.2	1	23954 886
50	22777	0.2	1	21466 1311
51	74053	0.2	1	72532 1521
52	5939	0.2	1	5628 311
53	13898	0.2	1	13526 372
54	8870	0.2	1	8484 386
55	21335	0.2	1	20708 627
56	21673	0.2	1	20999 674
57	20937	0.2	1	20219 718
58	19360	0.2	1	18636 724
59	22503	0.2	1	21592 911
60	26137	0.2	1	24839 1298
61	31696	0.2	1	29840 1856
62	39027	0.2	1	36515 2512
63	76407	0.2	1	66082 10325
64	438206	0.2	1	431122 7084
65	11120	0.2	1	10521 599
66	2357	0.2	1	2231 126
67	2186	0.2	1	2065 121
68	2231	0.2	1	2088 143
69	2343	0.2	1	2215 128
70	2123	0.2	1	1996 127
71	2645	0.2	1	2508 137
72	4975	0.2	1	4747 228
73	4799	0.2	1	4572 227
74	5757	0.2	1	5525 232
75	5132	0.2	1	4955 177
76	4228	0.2	1	4089 139
77	2535	0.2	1	2441 94
78	1651	0.2	1	1575 76
79	1361	0.2	1	1297 64
80	1078	0.2	1	1026 52
81	955	0.2	1	890 65
82	637	0.2	1	588 49
83	587	0.2	1	560 27
84	474	0.2	1	435 39
85	361	0.2	1	319 42
86	350	0.2	1	321 29
87	344	0.2	1	302 42
88	400	0.2	1	366 34
89	294	0.2	1	264 30
90	262	0.2	1	237 25
91	211	0.2	1	189 22
92	165	0.2	1	134 31
93	167	0.2	1	146 21
94	135	0.2	1	102 33
95	134	0.2	1	100 34
96	123	0.2	1	103 20
97	124	0.2	1	102 22
98	115	0.2	1	91 24
99	124	0.2	1	100 24
100	122	0.2	1	92 30
101	138	0.2	1	111 27
102	176	0.2	1	142 34
103	292	0.2	1	252 40
104	260	0.2	1	237 23
105	339	0.2	1	306 33
106	276	0.2	1	253 23
107	228	0.2	1	202 26
108	167	0.2	1	143 24
109	129	0.2	1	107 22
110	131	0.2	1	107 24
111	121	0.2	1	97 24
112	154	0.2	1	123 31
113	124	0.2	1	93 31
114	125	0.2	1	99 26
115	103	0.2	1	73 30
116	81	0.2	1	61 20
117	76	0.2	1	47 29
118	60	0.2	1	36 24
119	77	0.2	1	52 25
120	67	0.2	1	37 30
121	62	0.2	1	37 25
122	64	0.2	1	32 32
123	50	0.2	1	26 24
124	47	0.2	1	27 20
125	53	0.2	1	17 36
126	46	0.2	1	21 25
127	50	0.2	1	24 26
128	89	0.2	1	38 51
129	42	0.2	1	17 25
130	30	0.2	1	14 16
131	32	0.2	1	15 17
132	33	0.2	1	17 16
133	27	0.2	1	14 13
134	24	0.2	1	14 10
135	19	0.2	1	9 10
136	31	0.2	1	11 20
137	18	0.2	1	5 13
138	29	0.2	1	12 17
139	26	0.2	1	8 18
140	35	0.2	1	17 18
141	38	0.2	1	17 21
142	42	0.2	1	24 18
143	41	0.2	1	25 16
144	19	0.2	1	3 16
145	20	0.2	1	1 19
146	25	0.2	1	0 25
147	44	0.2	1	2 42
148	93	0.2	1	5 88
149	207	0.2	1	6 201
150	741	0.2	1	4 737

RUN STATISTICS FOR INPUT FILE: FastQ/SRR6956533_2.fastq.gz
=============================================
12053030 sequences processed in total

Total number of sequences analysed for the sequence pair length validation: 12053030

Number of sequence pairs removed because at least one read was shorter than the length cutoff (20 bp): 2063492 (17.12%)
