
SUMMARISING RUN PARAMETERS
==========================
Input filename: FastQ/SRR6956533_1.fastq.gz
Trimming mode: paired-end
Trim Galore version: 0.6.10
Cutadapt version: 4.2
Python version: 3.10.9
Number of cores used for trimming: 8
Quality Phred score cutoff: 28
Quality encoding type selected: ASCII+33
Using Illumina adapter for trimming (count: 145651). Second best hit was Nextera (count: 578)
Adapter sequence: 'AGATCGGAAGAGC' (Illumina TruSeq, Sanger iPCR; auto-detected)
Maximum trimming error rate: 0.1 (default)
Minimum required adapter overlap (stringency): 1 bp
Minimum required sequence length for both reads before a sequence pair gets removed: 20 bp
Output file will be GZIP compressed


This is cutadapt 4.2 with Python 3.10.9
Command line parameters: -j 8 -e 0.1 -q 28 -O 1 -a AGATCGGAAGAGC FastQ/SRR6956533_1.fastq.gz
Processing single-end reads on 8 cores ...
Finished in 77.708 s (6.447 µs/read; 9.31 M reads/minute).

=== Summary ===

Total reads processed:              12,053,030
Reads with adapters:                 5,487,711 (45.5%)
Reads written (passing filters):    12,053,030 (100.0%)

Total basepairs processed: 1,807,954,500 bp
Quality-trimmed:             109,374,024 bp (6.0%)
Total written (filtered):  1,617,450,526 bp (89.5%)

=== Adapter 1 ===

Sequence: AGATCGGAAGAGC; Type: regular 3'; Length: 13; Trimmed: 5487711 times

Minimum overlap: 1
No. of allowed errors:
1-9 bp: 0; 10-13 bp: 1

Bases preceding removed adapters:
  A: 22.4%
  C: 54.3%
  G: 11.1%
  T: 12.1%
  none/other: 0.1%

Overview of removed sequences
length	count	expect	max.err	error counts
1	2575028	3013257.5	0	2575028
2	721322	753314.4	0	721322
3	242655	188328.6	0	242655
4	57614	47082.1	0	57614
5	31770	11770.5	0	31770
6	22761	2942.6	0	22761
7	27231	735.7	0	27231
8	21609	183.9	0	21609
9	21909	46.0	0	21532 377
10	27361	11.5	1	24877 2484
11	23901	2.9	1	21625 2276
12	26762	0.7	1	24224 2538
13	28354	0.2	1	25507 2847
14	25254	0.2	1	22813 2441
15	27203	0.2	1	24252 2951
16	24907	0.2	1	22310 2597
17	29738	0.2	1	26135 3603
18	30360	0.2	1	27176 3184
19	23387	0.2	1	21180 2207
20	28611	0.2	1	25576 3035
21	31757	0.2	1	28469 3288
22	34122	0.2	1	30691 3431
23	30223	0.2	1	27351 2872
24	31912	0.2	1	28650 3262
25	34038	0.2	1	30389 3649
26	26880	0.2	1	24427 2453
27	28502	0.2	1	25385 3117
28	38352	0.2	1	33282 5070
29	29147	0.2	1	25963 3184
30	31440	0.2	1	28429 3011
31	21980	0.2	1	20125 1855
32	29078	0.2	1	26449 2629
33	23762	0.2	1	21725 2037
34	28001	0.2	1	25076 2925
35	29392	0.2	1	25864 3528
36	44527	0.2	1	38446 6081
37	31169	0.2	1	27758 3411
38	20950	0.2	1	18774 2176
39	31485	0.2	1	27769 3716
40	30379	0.2	1	27054 3325
41	38668	0.2	1	34979 3689
42	16964	0.2	1	15283 1681
43	43407	0.2	1	40518 2889
44	3074	0.2	1	2716 358
45	5973	0.2	1	5324 649
46	11945	0.2	1	11015 930
47	14608	0.2	1	13445 1163
48	16643	0.2	1	15400 1243
49	13800	0.2	1	12747 1053
50	14938	0.2	1	13801 1137
51	18561	0.2	1	16875 1686
52	22776	0.2	1	20533 2243
53	25458	0.2	1	23488 1970
54	14999	0.2	1	13903 1096
55	20041	0.2	1	18359 1682
56	18017	0.2	1	16605 1412
57	16529	0.2	1	15229 1300
58	20691	0.2	1	19031 1660
59	19221	0.2	1	17676 1545
60	16571	0.2	1	15088 1483
61	25418	0.2	1	23137 2281
62	21827	0.2	1	20074 1753
63	20934	0.2	1	19136 1798
64	25570	0.2	1	23629 1941
65	17505	0.2	1	16166 1339
66	18139	0.2	1	16579 1560
67	24272	0.2	1	22280 1992
68	28109	0.2	1	25426 2683
69	52757	0.2	1	44318 8439
70	225044	0.2	1	215911 9133
71	10499	0.2	1	9759 740
72	1012	0.2	1	901 111
73	603	0.2	1	497 106
74	570	0.2	1	464 106
75	508	0.2	1	422 86
76	537	0.2	1	426 111
77	626	0.2	1	513 113
78	856	0.2	1	731 125
79	1086	0.2	1	946 140
80	1124	0.2	1	987 137
81	1080	0.2	1	923 157
82	887	0.2	1	752 135
83	581	0.2	1	491 90
84	420	0.2	1	327 93
85	373	0.2	1	286 87
86	362	0.2	1	286 76
87	350	0.2	1	273 77
88	330	0.2	1	255 75
89	349	0.2	1	250 99
90	301	0.2	1	213 88
91	283	0.2	1	206 77
92	297	0.2	1	216 81
93	257	0.2	1	179 78
94	272	0.2	1	200 72
95	234	0.2	1	167 67
96	238	0.2	1	176 62
97	257	0.2	1	184 73
98	244	0.2	1	184 60
99	207	0.2	1	152 55
100	215	0.2	1	152 63
101	210	0.2	1	161 49
102	218	0.2	1	151 67
103	215	0.2	1	154 61
104	220	0.2	1	153 67
105	197	0.2	1	135 62
106	194	0.2	1	135 59
107	189	0.2	1	130 59
108	172	0.2	1	124 48
109	174	0.2	1	118 56
110	191	0.2	1	131 60
111	178	0.2	1	131 47
112	185	0.2	1	132 53
113	193	0.2	1	136 57
114	205	0.2	1	153 52
115	192	0.2	1	136 56
116	166	0.2	1	127 39
117	144	0.2	1	108 36
118	116	0.2	1	81 35
119	102	0.2	1	76 26
120	98	0.2	1	74 24
121	81	0.2	1	54 27
122	89	0.2	1	65 24
123	82	0.2	1	54 28
124	63	0.2	1	40 23
125	84	0.2	1	60 24
126	85	0.2	1	57 28
127	61	0.2	1	45 16
128	74	0.2	1	63 11
129	60	0.2	1	45 15
130	50	0.2	1	39 11
131	27	0.2	1	19 8
132	30	0.2	1	22 8
133	36	0.2	1	26 10
134	48	0.2	1	31 17
135	27	0.2	1	15 12
136	35	0.2	1	21 14
137	24	0.2	1	11 13
138	31	0.2	1	16 15
139	31	0.2	1	21 10
140	38	0.2	1	21 17
141	49	0.2	1	35 14
142	66	0.2	1	55 11
143	72	0.2	1	56 16
144	27	0.2	1	11 16
145	25	0.2	1	6 19
146	30	0.2	1	9 21
147	26	0.2	1	5 21
148	64	0.2	1	16 48
149	95	0.2	1	8 87
150	392	0.2	1	3 389

RUN STATISTICS FOR INPUT FILE: FastQ/SRR6956533_1.fastq.gz
=============================================
12053030 sequences processed in total

