
SUMMARISING RUN PARAMETERS
==========================
Input filename: FastQ/SRR6956534_2.fastq.gz
Trimming mode: paired-end
Trim Galore version: 0.6.10
Cutadapt version: 4.2
Python version: 3.10.9
Number of cores used for trimming: 8
Quality Phred score cutoff: 28
Quality encoding type selected: ASCII+33
Using Illumina adapter for trimming (count: 447310). Second best hit was Nextera (count: 1641)
Adapter sequence: 'AGATCGGAAGAGC' (Illumina TruSeq, Sanger iPCR; auto-detected)
Maximum trimming error rate: 0.1 (default)
Minimum required adapter overlap (stringency): 1 bp
Minimum required sequence length for both reads before a sequence pair gets removed: 20 bp
Output file will be GZIP compressed


This is cutadapt 4.2 with Python 3.10.9
Command line parameters: -j 8 -e 0.1 -q 28 -O 1 -a AGATCGGAAGAGC FastQ/SRR6956534_2.fastq.gz
Processing single-end reads on 8 cores ...
Finished in 72.663 s (2.575 µs/read; 23.30 M reads/minute).

=== Summary ===

Total reads processed:              28,214,387
Reads with adapters:                19,679,486 (69.7%)
Reads written (passing filters):    28,214,387 (100.0%)

Total basepairs processed: 4,232,158,050 bp
Quality-trimmed:           1,123,604,990 bp (26.5%)
Total written (filtered):  2,263,824,220 bp (53.5%)

=== Adapter 1 ===

Sequence: AGATCGGAAGAGC; Type: regular 3'; Length: 13; Trimmed: 19679486 times

Minimum overlap: 1
No. of allowed errors:
1-9 bp: 0; 10-13 bp: 1

Bases preceding removed adapters:
  A: 42.6%
  C: 7.5%
  G: 9.6%
  T: 40.1%
  none/other: 0.1%

Overview of removed sequences
length	count	expect	max.err	error counts
1	2417176	7053596.8	0	2417176
2	575916	1763399.2	0	575916
3	179660	440849.8	0	179660
4	63333	110212.4	0	63333
5	48113	27553.1	0	48113
6	54316	6888.3	0	54316
7	93796	1722.1	0	93796
8	81292	430.5	0	81292
9	92192	107.6	0	90997 1195
10	130434	26.9	1	125372 5062
11	49758	6.7	1	46431 3327
12	125237	1.7	1	118844 6393
13	70775	0.4	1	64508 6267
14	297204	0.4	1	284925 12279
15	42146	0.4	1	39561 2585
16	59748	0.4	1	56426 3322
17	115129	0.4	1	110414 4715
18	21275	0.4	1	19626 1649
19	65818	0.4	1	62855 2963
20	24333	0.4	1	22870 1463
21	23138	0.4	1	21943 1195
22	36607	0.4	1	34520 2087
23	56784	0.4	1	52112 4672
24	157472	0.4	1	149069 8403
25	47561	0.4	1	44493 3068
26	69979	0.4	1	65959 4020
27	63043	0.4	1	59034 4009
28	133008	0.4	1	126381 6627
29	64592	0.4	1	59105 5487
30	324256	0.4	1	310695 13561
31	31674	0.4	1	28899 2775
32	144804	0.4	1	138246 6558
33	99484	0.4	1	94112 5372
34	137943	0.4	1	131119 6824
35	282309	0.4	1	270118 12191
36	269672	0.4	1	258009 11663
37	255118	0.4	1	242683 12435
38	348139	0.4	1	334211 13928
39	235188	0.4	1	224510 10678
40	240567	0.4	1	228669 11898
41	273278	0.4	1	258004 15274
42	520184	0.4	1	501373 18811
43	107943	0.4	1	102236 5707
44	212965	0.4	1	201676 11289
45	480543	0.4	1	465835 14708
46	119018	0.4	1	114035 4983
47	81638	0.4	1	77371 4267
48	197388	0.4	1	190325 7063
49	166788	0.4	1	160915 5873
50	135502	0.4	1	127250 8252
51	529615	0.4	1	518344 11271
52	49145	0.4	1	46776 2369
53	78336	0.4	1	76277 2059
54	42042	0.4	1	40028 2014
55	104708	0.4	1	101348 3360
56	109669	0.4	1	106387 3282
57	104461	0.4	1	101052 3409
58	99552	0.4	1	95932 3620
59	110122	0.4	1	105948 4174
60	131322	0.4	1	125207 6115
61	183999	0.4	1	174551 9448
62	293503	0.4	1	274651 18852
63	824202	0.4	1	736812 87390
64	6117631	0.4	1	6024836 92795
65	119741	0.4	1	113558 6183
66	20166	0.4	1	18831 1335
67	20638	0.4	1	19310 1328
68	22992	0.4	1	21538 1454
69	25253	0.4	1	23756 1497
70	25268	0.4	1	23505 1763
71	41626	0.4	1	39027 2599
72	83118	0.4	1	79374 3744
73	87503	0.4	1	83342 4161
74	106783	0.4	1	102478 4305
75	94360	0.4	1	90625 3735
76	75138	0.4	1	72336 2802
77	46593	0.4	1	44895 1698
78	31378	0.4	1	30015 1363
79	27214	0.4	1	26084 1130
80	21487	0.4	1	20452 1035
81	17568	0.4	1	16691 877
82	12931	0.4	1	12171 760
83	10405	0.4	1	9863 542
84	7655	0.4	1	7177 478
85	5810	0.4	1	5409 401
86	5624	0.4	1	5230 394
87	5436	0.4	1	5059 377
88	5792	0.4	1	5431 361
89	5125	0.4	1	4773 352
90	4043	0.4	1	3758 285
91	3476	0.4	1	3235 241
92	2718	0.4	1	2472 246
93	2699	0.4	1	2458 241
94	1976	0.4	1	1794 182
95	1737	0.4	1	1567 170
96	1430	0.4	1	1283 147
97	1245	0.4	1	1123 122
98	1262	0.4	1	1138 124
99	1460	0.4	1	1320 140
100	1928	0.4	1	1749 179
101	2069	0.4	1	1916 153
102	2387	0.4	1	2213 174
103	3307	0.4	1	3146 161
104	2397	0.4	1	2240 157
105	2634	0.4	1	2496 138
106	1651	0.4	1	1547 104
107	1321	0.4	1	1244 77
108	842	0.4	1	763 79
109	703	0.4	1	631 72
110	747	0.4	1	672 75
111	664	0.4	1	589 75
112	757	0.4	1	696 61
113	577	0.4	1	525 52
114	554	0.4	1	495 59
115	342	0.4	1	293 49
116	279	0.4	1	232 47
117	250	0.4	1	206 44
118	165	0.4	1	127 38
119	204	0.4	1	171 33
120	159	0.4	1	128 31
121	169	0.4	1	131 38
122	128	0.4	1	110 18
123	121	0.4	1	99 22
124	105	0.4	1	72 33
125	103	0.4	1	74 29
126	103	0.4	1	78 25
127	117	0.4	1	89 28
128	121	0.4	1	84 37
129	112	0.4	1	82 30
130	104	0.4	1	88 16
131	164	0.4	1	133 31
132	213	0.4	1	194 19
133	313	0.4	1	294 19
134	217	0.4	1	203 14
135	205	0.4	1	181 24
136	183	0.4	1	161 22
137	119	0.4	1	94 25
138	128	0.4	1	103 25
139	143	0.4	1	118 25
140	246	0.4	1	206 40
141	306	0.4	1	272 34
142	473	0.4	1	407 66
143	458	0.4	1	398 60
144	144	0.4	1	113 31
145	47	0.4	1	29 18
146	35	0.4	1	19 16
147	43	0.4	1	13 30
148	124	0.4	1	58 66
149	147	0.4	1	24 123
150	465	0.4	1	23 442

RUN STATISTICS FOR INPUT FILE: FastQ/SRR6956534_2.fastq.gz
=============================================
28214387 sequences processed in total

Total number of sequences analysed for the sequence pair length validation: 28214387

Number of sequence pairs removed because at least one read was shorter than the length cutoff (20 bp): 4392317 (15.57%)
