
SUMMARISING RUN PARAMETERS
==========================
Input filename: FastQ/SRR6956534_1.fastq.gz
Trimming mode: paired-end
Trim Galore version: 0.6.10
Cutadapt version: 4.2
Python version: 3.10.9
Number of cores used for trimming: 8
Quality Phred score cutoff: 28
Quality encoding type selected: ASCII+33
Using Illumina adapter for trimming (count: 447310). Second best hit was Nextera (count: 1641)
Adapter sequence: 'AGATCGGAAGAGC' (Illumina TruSeq, Sanger iPCR; auto-detected)
Maximum trimming error rate: 0.1 (default)
Minimum required adapter overlap (stringency): 1 bp
Minimum required sequence length for both reads before a sequence pair gets removed: 20 bp
Output file will be GZIP compressed


This is cutadapt 4.2 with Python 3.10.9
Command line parameters: -j 8 -e 0.1 -q 28 -O 1 -a AGATCGGAAGAGC FastQ/SRR6956534_1.fastq.gz
Processing single-end reads on 8 cores ...
Finished in 77.448 s (2.745 µs/read; 21.86 M reads/minute).

=== Summary ===

Total reads processed:              28,214,387
Reads with adapters:                18,177,997 (64.4%)
Reads written (passing filters):    28,214,387 (100.0%)

Total basepairs processed: 4,232,158,050 bp
Quality-trimmed:             877,942,063 bp (20.7%)
Total written (filtered):  2,658,498,723 bp (62.8%)

=== Adapter 1 ===

Sequence: AGATCGGAAGAGC; Type: regular 3'; Length: 13; Trimmed: 18177997 times

Minimum overlap: 1
No. of allowed errors:
1-9 bp: 0; 10-13 bp: 1

Bases preceding removed adapters:
  A: 11.7%
  C: 79.5%
  G: 4.6%
  T: 4.1%
  none/other: 0.1%

Overview of removed sequences
length	count	expect	max.err	error counts
1	3770627	7053596.8	0	3770627
2	1009666	1763399.2	0	1009666
3	366068	440849.8	0	366068
4	92167	110212.4	0	92167
5	80832	27553.1	0	80832
6	63453	6888.3	0	63453
7	78977	1722.1	0	78977
8	57790	430.5	0	57790
9	69289	107.6	0	68694 595
10	70790	26.9	1	62206 8584
11	54948	6.7	1	48578 6370
12	61303	1.7	1	54232 7071
13	65670	0.4	1	57129 8541
14	58081	0.4	1	51415 6666
15	55986	0.4	1	48726 7260
16	64383	0.4	1	56378 8005
17	74745	0.4	1	63835 10910
18	89878	0.4	1	78001 11877
19	34736	0.4	1	31075 3661
20	47041	0.4	1	41465 5576
21	40696	0.4	1	36020 4676
22	43255	0.4	1	38570 4685
23	43980	0.4	1	38960 5020
24	52745	0.4	1	46403 6342
25	63299	0.4	1	54870 8429
26	50438	0.4	1	44822 5616
27	55393	0.4	1	48378 7015
28	105283	0.4	1	88963 16320
29	79820	0.4	1	68999 10821
30	85777	0.4	1	75632 10145
31	73057	0.4	1	65643 7414
32	112815	0.4	1	100472 12343
33	115023	0.4	1	104353 10670
34	186768	0.4	1	166645 20123
35	323002	0.4	1	283712 39290
36	337094	0.4	1	303470 33624
37	399048	0.4	1	361384 37664
38	273857	0.4	1	251433 22424
39	295624	0.4	1	271144 24480
40	231360	0.4	1	213773 17587
41	269074	0.4	1	247215 21859
42	150759	0.4	1	138835 11924
43	315499	0.4	1	291882 23617
44	41203	0.4	1	37886 3317
45	44844	0.4	1	41204 3640
46	77263	0.4	1	71874 5389
47	90719	0.4	1	84308 6411
48	103374	0.4	1	95878 7496
49	87839	0.4	1	81641 6198
50	89522	0.4	1	83351 6171
51	102494	0.4	1	94389 8105
52	122901	0.4	1	111351 11550
53	160430	0.4	1	147371 13059
54	80923	0.4	1	75086 5837
55	113073	0.4	1	104320 8753
56	101235	0.4	1	93853 7382
57	93347	0.4	1	85957 7390
58	116323	0.4	1	107105 9218
59	113068	0.4	1	104199 8869
60	88124	0.4	1	81042 7082
61	163765	0.4	1	150472 13293
62	159262	0.4	1	147423 11839
63	153793	0.4	1	141133 12660
64	235194	0.4	1	218626 16568
65	135438	0.4	1	126315 9123
66	139119	0.4	1	129365 9754
67	231564	0.4	1	215953 15611
68	313907	0.4	1	292236 21671
69	571418	0.4	1	510523 60895
70	4001749	0.4	1	3848147 153602
71	160225	0.4	1	149980 10245
72	14509	0.4	1	12902 1607
73	8766	0.4	1	7535 1231
74	8449	0.4	1	7107 1342
75	9744	0.4	1	8077 1667
76	11154	0.4	1	9207 1947
77	14891	0.4	1	12415 2476
78	21314	0.4	1	18409 2905
79	25102	0.4	1	21894 3208
80	28204	0.4	1	24767 3437
81	23988	0.4	1	20912 3076
82	18068	0.4	1	15543 2525
83	12829	0.4	1	10794 2035
84	8410	0.4	1	6682 1728
85	6673	0.4	1	5218 1455
86	6179	0.4	1	4808 1371
87	5817	0.4	1	4475 1342
88	6001	0.4	1	4596 1405
89	5949	0.4	1	4565 1384
90	5938	0.4	1	4530 1408
91	5823	0.4	1	4359 1464
92	5346	0.4	1	3913 1433
93	4786	0.4	1	3593 1193
94	4161	0.4	1	3109 1052
95	3545	0.4	1	2666 879
96	3140	0.4	1	2390 750
97	2853	0.4	1	2135 718
98	2684	0.4	1	2051 633
99	2517	0.4	1	1833 684
100	2617	0.4	1	1911 706
101	2441	0.4	1	1832 609
102	2382	0.4	1	1785 597
103	2220	0.4	1	1636 584
104	1885	0.4	1	1418 467
105	1734	0.4	1	1300 434
106	1452	0.4	1	1075 377
107	1387	0.4	1	1054 333
108	1237	0.4	1	918 319
109	1098	0.4	1	818 280
110	1069	0.4	1	833 236
111	1020	0.4	1	738 282
112	1039	0.4	1	815 224
113	950	0.4	1	744 206
114	933	0.4	1	741 192
115	786	0.4	1	618 168
116	674	0.4	1	530 144
117	558	0.4	1	434 124
118	444	0.4	1	348 96
119	438	0.4	1	339 99
120	403	0.4	1	324 79
121	343	0.4	1	273 70
122	316	0.4	1	242 74
123	294	0.4	1	229 65
124	259	0.4	1	197 62
125	302	0.4	1	241 61
126	317	0.4	1	253 64
127	284	0.4	1	243 41
128	367	0.4	1	304 63
129	280	0.4	1	244 36
130	342	0.4	1	287 55
131	351	0.4	1	310 41
132	409	0.4	1	356 53
133	686	0.4	1	621 65
134	528	0.4	1	470 58
135	485	0.4	1	437 48
136	549	0.4	1	495 54
137	313	0.4	1	284 29
138	352	0.4	1	316 36
139	336	0.4	1	296 40
140	558	0.4	1	491 67
141	630	0.4	1	568 62
142	1004	0.4	1	932 72
143	1106	0.4	1	1036 70
144	313	0.4	1	267 46
145	139	0.4	1	86 53
146	125	0.4	1	67 58
147	134	0.4	1	99 35
148	287	0.4	1	213 74
149	242	0.4	1	84 158
150	527	0.4	1	41 486

RUN STATISTICS FOR INPUT FILE: FastQ/SRR6956534_1.fastq.gz
=============================================
28214387 sequences processed in total

